1 2 0.283484538482
1 3 0.011902644913
1 4 0.015519112026
1 5 0.010727474142
1 6 0.011491805895
1 7 0.019474084025
1 8 0.017618729101
1 9 0.040593384775
1 10 0.01324194463
1 11 0.031288080115
1 12 0.012917746489
1 13 0.00622413116
1 14 0.014494387729
1 15 0.023042226266
1 16 0.014994315694
1 17 0.014226288287
1 18 0.020304003886
1 19 0.010498758081
1 20 0.011607016131
1 21 0.008024523512
1 22 0.007378860335
1 23 0.008609534314
1 24 0.008963301518
1 25 0.004978992088
1 26 0.003173720953
1 27 0.006213449951
1 28 0.007562651675
1 29 0.006397963073
1 30 0.008399885111
1 31 0.005109485565
1 32 0.003535214717
1 33 0.007691786984
1 34 0.003051561507
1 35 0.003858010457
1 36 0.003226802001
1 37 0.004680274775
1 38 0.00181393386
1 39 0.008542245579
2 3 0.018026148922
2 4 0.011963815642
2 5 0.008923076266
2 6 0.008313769588
2 7 0.005385005053
2 8 0.015328147224
2 9 0.017580299279
2 10 0.016199171835
2 11 0.010694391726
2 12 0.013953691957
2 13 0.011833354015
2 14 0.016774400628
2 15 0.017293962068
2 16 0.027316933266
2 17 0.010807724778
2 18 0.027719151489
2 19 0.00950478754
2 20 0.006084780156
2 21 0.013823334753
2 22 0.007606895974
2 23 0.008327326438
2 24 0.007966632368
2 25 0.005081872439
2 26 0.002676474135
2 27 0.001558807179
2 28 0.01125832547
2 29 0.007582827456
2 30 0.006046734202
2 31 0.005595886137
2 32 0.003390763195
2 33 0.011360113038
2 34 0.002854810728
2 35 0.004554404065
2 36 0.003443416652
2 37 0.000600820251
2 38 0.002256472629
2 39 0.001609889645
3 4 0.017114641043
3 5 0.005158873498
3 6 0.009790781055
3 7 0.009768508066
3 8 0.0178910175
3 9 0.028626805511
3 10 0.003127766957
3 11 0.013555246176
3 12 0.00606111395
3 13 0.010369578312
3 14 0.012171021121
3 15 0.016153026062
3 16 0.008979855616
3 17 0.014838694322
3 18 0.013563169926
3 19 0.007750248172
3 20 0.011194840868
3 21 0.005072283602
3 22 0.010741901079
3 23 0.009042952489
3 24 0.008466207233
3 25 0.00930047063
3 26 0.006996090908
3 27 0.00615252907
3 28 0.006786160909
3 29 0.004779272648
3 30 0.007357489044
3 31 0.015281824648
3 32 0.004241245323
3 33 0.006779268126
3 34 0.002089946727
3 35 0.004512733014
3 36 0.001063279813
3 37 0.004349602874
3 38 0.002101775972
3 39 0.003507365395
4 5 0.017999373032
4 6 0.026631239667
4 7 0.020138769219
4 8 0.012596850589
4 9 0.023450137708
4 10 0.01297958345
4 11 0.033115270472
4 12 0.030920470164
4 13 0.012563575067
4 14 0.019864719264
4 15 0.011417345721
4 16 0.015041963578
4 17 0.00717593269
4 18 0.016367321694
4 19 0.012890898641
4 20 0.009285688705
4 21 0.012423238452
4 22 0.010916253259
4 23 0.015482863408
4 24 0.013780791436
4 25 0.005088685215
4 26 0.004904043241
4 27 0.007051404241
4 28 0.018708125243
4 29 0.006668775977
4 30 0.011806548861
4 31 0.011257058661
4 32 0.007186484257
4 33 0.007331701363
4 34 0.007366652718
4 35 0.001988344148
4 36 0.004905247197
4 37 0.004146707953
4 38 0.003780143125
4 39 0.002677426423
5 6 0.496083503727
5 7 0.019555645377
5 8 0.013762515459
5 9 0.010246396019
5 10 0.014204477745
5 11 0.010960030896
5 12 0.014218909601
5 13 0.006029650276
5 14 0.016190221612
5 15 0.009374535835
5 16 0.004654709555
5 17 0.010728479386
5 18 0.012489354808
5 19 0.012107869905
5 20 0.008418267464
5 21 0.002697793655
5 22 0.00368899087
5 23 0.002124570711
5 24 0.006551811055
5 25 0.000655692605
5 26 0.002585065192
5 27 0.002357959512
5 28 0.007956649644
5 29 0.004177829224
5 30 0.001733681551
5 31 0.003093477849
5 32 0.003759628115
5 33 0.006036158391
5 34 0.000682202017
5 35 0.003758093464
5 36 0.002118683613
5 37 0.002526678816
5 38 0.001451118813
5 39 0.000486525502
6 7 0.020802870248
6 8 0.021809665169
6 9 0.012976721428
6 10 0.019748443777
6 11 0.016466418276
6 12 0.028437443497
6 13 0.013433307227
6 14 0.014984274465
6 15 0.018358053629
6 16 0.008068894427
6 17 0.019912541755
6 18 0.012532142184
6 19 0.012746117502
6 20 0.009995162609
6 21 0.016525600641
6 22 0.009694469674
6 23 0.004743777883
6 24 0.007113140147
6 25 0.003043826599
6 26 0.003849554271
6 27 0.002951791167
6 28 0.008436175658
6 29 0.009128117665
6 30 0.007293487853
6 31 0.01279902961
6 32 0.006138020221
6 33 0.004305704556
6 34 0.007495311428
6 35 0.00167009923
6 36 0.002238314912
6 37 0.002614997907
6 38 0.002644259606
6 39 0.003247514163
7 8 0.267682161072
7 9 0.136848803521
7 10 0.072117668971
7 11 0.086512598207
7 12 0.076073565019
7 13 0.006919902417
7 14 0.015249907555
7 15 0.01787755557
7 16 0.008412887745
7 17 0.006698211752
7 18 0.010238861763
7 19 0.010519504262
7 20 0.004848955917
7 21 0.005584392888
7 22 0.003475572848
7 23 0.005869823902
7 24 0.004451815877
7 25 0.009373220123
7 26 0.003463704447
7 27 0.003692376175
7 28 0.008363872278
7 29 0.006021119341
7 30 0.005431473402
7 31 0.008357212907
7 32 0.002619623224
7 33 0.006011985505
7 34 0.0052614995
7 35 0.006509310345
7 36 0.002182146705
7 37 0.003684694063
7 38 0.006785229108
7 39 0.005147868687
8 9 0.261403806195
8 10 0.121023076394
8 11 0.08882526792
8 12 0.051697847558
8 13 0.014345697154
8 14 0.023357050367
8 15 0.020565992984
8 16 0.022051297698
8 17 0.010806471685
8 18 0.02572463238
8 19 0.010332153473
8 20 0.014033209135
8 21 0.007614845014
8 22 0.007678934551
8 23 0.007272471172
8 24 0.009568377261
8 25 0.00554488913
8 26 0.00591131543
8 27 0.002711772888
8 28 0.006836857559
8 29 0.006282953287
8 30 0.008488444751
8 31 0.011212721329
8 32 0.001788779624
8 33 0.004214880351
8 34 0.00354401525
8 35 0.003249063121
8 36 0.007200582269
8 37 0.002724493394
8 38 0.00122003366
8 39 0.003269746657
9 10 0.163780028975
9 11 0.146915324852
9 12 0.113442243291
9 13 0.012951964164
9 14 0.022264294169
9 15 0.019359845153
9 16 0.016728323589
9 17 0.014763711003
9 18 0.01873711015
9 19 0.009201512922
9 20 0.010534960696
9 21 0.005746484028
9 22 0.003754683769
9 23 0.009133969209
9 24 0.006587343054
9 25 0.004058228051
9 26 0.004837330173
9 27 0.002764418556
9 28 0.005062330216
9 29 0.003930365383
9 30 0.003756746033
9 31 0.00725903177
9 32 0.003701642518
9 33 0.003845180041
9 34 0.002272000941
9 35 0.008890275711
9 36 0.008090668213
9 37 0.002544370357
9 38 0.002872750616
9 39 0.00337114432
10 11 0.25767762791
10 12 0.229315865995
10 13 0.010483223311
10 14 0.016588599226
10 15 0.024327826719
10 16 0.013154586455
10 17 0.015829300488
10 18 0.009663325015
10 19 0.016415154263
10 20 0.013165388987
10 21 0.019433929278
10 22 0.013923541873
10 23 0.003859593047
10 24 0.005444464313
10 25 0.005811089575
10 26 0.001670387157
10 27 0.002057926118
10 28 0.007193259357
10 29 0.010992204753
10 30 0.005244330289
10 31 0.009236325777
10 32 0.004940141458
10 33 0.003363867277
10 34 0.004147178968
10 35 0.004779093466
10 36 0.004620376936
10 37 0.006652422212
10 38 0.005785983452
10 39 0.002185239967
11 12 0.216207637956
11 13 0.008674087723
11 14 0.016545288654
11 15 0.022082402137
11 16 0.009896152535
11 17 0.010247775172
11 18 0.019750561171
11 19 0.014209156665
11 20 0.00871652584
11 21 0.008197321427
11 22 0.007360420304
11 23 0.01060745516
11 24 0.004725053123
11 25 0.006715992007
11 26 0.003578430028
11 27 0.005407488947
11 28 0.003619519598
11 29 0.005723689971
11 30 0.010828176419
11 31 0.008787945632
11 32 0.003895978957
11 33 0.002810736988
11 34 0.003474182503
11 35 0.008469954969
11 36 0.009464183651
11 37 0.003926380678
11 38 0.002787019887
11 39 0.002338120561
12 13 0.009152367053
12 14 0.010679219125
12 15 0.041139693464
12 16 0.02035636969
12 17 0.013661240291
12 18 0.011648342142
12 19 0.034112725318
12 20 0.019151633767
12 21 0.033454874615
12 22 0.021004078737
12 23 0.003179295082
12 24 0.011783924069
12 25 0.003202331232
12 26 0.004244874225
12 27 0.001600920357
12 28 0.007349124582
12 29 0.021288378984
12 30 0.006207563191
12 31 0.017374990688
12 32 0.000747308946
12 33 0.00720767614
12 34 0.001078919778
12 35 0.001293823
12 36 0.005154268902
12 37 0.003546074533
12 38 0.002976243113
12 39 0.001522998832
13 14 0.247551633922
13 15 0.076807608527
13 16 0.016800759002
13 17 0.009563168278
13 18 0.007488422244
13 19 0.004975263522
13 20 0.007833231716
13 21 0.008447269917
13 22 0.009870970525
13 23 0.003195453841
13 24 0.002045629696
13 25 0.004667031104
13 26 0.002752537573
13 27 0.004620812893
13 28 0.005688820611
13 29 0.005249729518
13 30 0.007640960655
13 31 0.008691098814
13 32 0.002629929039
13 33 0.008994562455
13 34 0.001420222581
13 35 0.000917876707
13 36 0.004381843266
13 37 0.003004944257
13 38 0.00470521233
13 39 0.001669999645
14 15 0.260642885245
14 16 0.06960781308
14 17 0.070859204757
14 18 0.044637661269
14 19 0.013262676812
14 20 0.014840629047
14 21 0.0080115597
14 22 0.006367399484
14 23 0.007802783221
14 24 0.007886527468
14 25 0.007985222906
14 26 0.003466457103
14 27 0.001122201989
14 28 0.008702192276
14 29 0.009109638376
14 30 0.00942995111
14 31 0.006556213843
14 32 0.005955641534
14 33 0.008085009789
14 34 0.003111415004
14 35 0.004400269917
14 36 0.001606950783
14 37 0.003166249968
14 38 0.002929947849
14 39 0.002422365058
15 16 0.030115747509
15 17 0.055924539291
15 18 0.035827060374
15 19 0.015368590268
15 20 0.015832592674
15 21 0.02121170006
15 22 0.01680337226
15 23 0.005374777396
15 24 0.012490288239
15 25 0.003174345618
15 26 0.006334688509
15 27 0.000834328719
15 28 0.006323926097
15 29 0.009168752297
15 30 0.003541113421
15 31 0.015926675705
15 32 0.00198211803
15 33 0.00864682544
15 34 0.002264304907
15 35 0.004445396884
15 36 0.006936609535
15 37 0.001547689268
15 38 0.003298349587
15 39 0.001528829541
16 17 0.229036400125
16 18 0.266569652248
16 19 0.016843550381
16 20 0.009146005982
16 21 0.008346665677
16 22 0.013091821271
16 23 0.00776191154
16 24 0.009532871057
16 25 0.004221071366
16 26 0.004126145923
16 27 0.002536541508
16 28 0.00946732558
16 29 0.010162622586
16 30 0.012528028876
16 31 0.00900644119
16 32 0.002688461738
16 33 0.005834084709
16 34 0.002725191563
16 35 0.008163311775
16 36 0.003772350043
16 37 0.003577751413
16 38 0.002723607509
16 39 0.004464666272
17 18 0.111305085568
17 19 0.00624317833
17 20 0.030909670243
17 21 0.00617542309
17 22 0.010471738509
17 23 0.009519842781
17 24 0.003000483268
17 25 0.009708374874
17 26 0.005912369658
17 27 0.004222490773
17 28 0.00444742044
17 29 0.00383744347
17 30 0.009346758229
17 31 0.006584084587
17 32 0.003425243667
17 33 0.007045943153
17 34 0.003204451004
17 35 0.003155805148
17 36 0.00277546149
17 37 0.001120837473
17 38 0.002895187556
17 39 0.003626761817
18 19 0.009133043466
18 20 0.008274472045
18 21 0.007343620665
18 22 0.006224709154
18 23 0.005272723683
18 24 0.004412101175
18 25 0.010555848762
18 26 0.006811329669
18 27 0.004254092971
18 28 0.003510177634
18 29 0.003055546185
18 30 0.006212993742
18 31 0.008530229225
18 32 0.001443785773
18 33 0.004449072473
18 34 0.004743979926
18 35 0.007209019652
18 36 0.003196051864
18 37 0.005388096592
18 38 0.008836557585
18 39 0.002991401963
19 20 0.121128604392
19 21 0.029064164327
19 22 0.015530964207
19 23 0.014545626768
19 24 0.014679984795
19 25 0.006333040255
19 26 0.00515438085
19 27 0.00248890067
19 28 0.016467939892
19 29 0.013722470143
19 30 0.010514046463
19 31 0.018976588839
19 32 0.004013600101
19 33 0.01891635941
19 34 0.001439267971
19 35 0.001579238417
19 36 0.005076618795
19 37 0.003334708922
19 38 0.000598241942
19 39 0.005311720157
20 21 0.02574502092
20 22 0.012435952009
20 23 0.012104210608
20 24 0.015611292871
20 25 0.013829726797
20 26 0.008095125546
20 27 0.006824705847
20 28 0.013184277868
20 29 0.009154306956
20 30 0.017846262756
20 31 0.01396050708
20 32 0.003937203973
20 33 0.021352417423
20 34 0.002128372509
20 35 0.004098709248
20 36 0.005260545075
20 37 0.005873362066
20 38 0.017784860677
20 39 0.004352229418
21 22 0.225699637343
21 23 0.156705413008
21 24 0.030451230354
21 25 0.008285839176
21 26 0.006966651278
21 27 0.005490388846
21 28 0.025557704102
21 29 0.017276812926
21 30 0.016476222923
21 31 0.013344890141
21 32 0.004167952357
21 33 0.012199086906
21 34 0.002763549064
21 35 0.010630426136
21 36 0.001209014156
21 37 0.002913281511
21 38 0.00365891771
21 39 0.011072908305
22 23 0.220799944782
22 24 0.022777520557
22 25 0.004088518161
22 26 0.003258225152
22 27 0.010198365019
22 28 0.019697276958
22 29 0.012333158097
22 30 0.024074829107
22 31 0.012575590112
22 32 0.003030591697
22 33 0.013066035045
22 34 0.003340437986
22 35 0.003827773003
22 36 0.002948429448
22 37 0.006450680854
22 38 0.005898115963
22 39 0.007633256817
23 24 0.019578633832
23 25 0.011972080685
23 26 0.010502902375
23 27 0.016759050407
23 28 0.02669638402
23 29 0.04314987941
23 30 0.021030257786
23 31 0.006082325999
23 32 0.009512671655
23 33 0.002392408173
23 34 0.006937311203
23 35 0.007444055872
23 36 0.022135179212
23 37 0.006441667488
23 38 0.00263086339
23 39 0.005724986291
24 25 0.002715408291
24 26 0.003360338241
24 27 0.002574274473
24 28 0.011386626154
24 29 0.00338442532
24 30 0.008930810108
24 31 0.007132356071
24 32 0.00331965611
24 33 0.017775145101
24 34 0.001587538475
24 35 0.000807542325
24 36 0.000593118828
24 37 0.000609965912
24 38 0.001735770149
24 39 0.004303582422
25 26 0.150247642996
25 27 0.093748448596
25 28 0.00307502135
25 29 0.005313273175
25 30 0.003234212651
25 31 0.005343306816
25 32 0.002564268684
25 33 0.002349348659
25 34 0.014203381017
25 35 0.013394776983
25 36 0.01922976903
25 37 0.028038055549
25 38 0.027235792876
25 39 0.049622261036
26 27 0.284929606067
26 28 0.00131218492
26 29 0.009952567597
26 30 0.004249684313
26 31 0.004777875065
26 32 0.001998488564
26 33 0.0020094856
26 34 0.011638545776
26 35 0.029527756439
26 36 0.029723837843
26 37 0.106627320382
26 38 0.114397362812
26 39 0.140513321935
27 28 0.003252976532
27 29 0.007356021922
27 30 0.005365685465
27 31 0.017810705936
27 32 0.009015094744
27 33 0.002764709394
27 34 0.008909241831
27 35 0.024911895052
27 36 0.020011465321
27 37 0.029853771534
27 38 0.039201236263
27 39 0.069655111469
28 29 0.052720851057
28 30 0.034698155462
28 31 0.023669368468
28 32 0.013551311089
28 33 0.034080216116
28 34 0.001234345309
28 35 0.004043197291
28 36 0.009138669902
28 37 0.003163709624
28 38 0.000121392191
28 39 0.002158213433
29 30 0.045933591707
29 31 0.014570650592
29 32 0.013635109882
29 33 0.012622182421
29 34 0.001018264322
29 35 0.001735867625
29 36 0.019532736048
29 37 0.003976754057
29 38 0.00423657694
29 39 0.007995837431
30 31 0.016970242015
30 32 0.020625476708
30 33 0.019826508808
30 34 0.004808769939
30 35 0.00378058498
30 36 0.008905197277
30 37 0.001658392894
30 38 0.00595719368
30 39 0.002976068237
31 32 0.052785908564
31 33 0.058966449362
31 34 0.003596593276
31 35 0.01037899035
31 36 0.003939614265
31 37 0.007241194092
31 38 0.002943949306
31 39 0.005815811502
32 33 0.060547597425
32 34 0.001969828543
32 35 0.006478646383
32 36 0.005945427434
32 37 0.00200245274
32 38 0.002355614993
32 39 0.000705733636
33 34 0.002106021981
33 35 0.000337357702
33 36 0.005564182728
33 37 0.006948587971
33 38 0.002501920444
33 39 0.003993087777
34 35 0.085619274952
34 36 0.137971929719
34 37 0.049476995373
34 38 0.098897785438
34 39 0.017649999915
35 36 0.110218349371
35 37 0.073043491324
35 38 0.084847310939
35 39 0.058751944176
36 37 0.054416266327
36 38 0.075249268144
36 39 0.032770057033
37 38 0.241090050064
37 39 0.051143519035
38 39 0.080777563384
