1 2 0.4085764425919
1 3 0.2499044978779
1 4 0.2064238792606
1 5 0.1313435158325
1 6 0.1591583153497
1 7 0.1675651693045
1 8 0.1762050075495
1 9 0.1263836705675
1 10 0.180392467638
1 11 0.192478416021
1 12 0.159697390389
1 13 0.220479721064
1 14 0.163609386463
1 16 0.167556988412
1 17 0.164040584159
1 18 0.15468897463
1 19 0.105589768677
1 20 0.088951315699
1 21 0.101687484976
1 22 0.097416989624
1 23 0.080941647262
1 24 0.121383050978
1 25 0.075822577853
1 26 0.067228854136
1 27 0.064831545248
1 28 0.088912462785
1 29 0.087628437015
1 30 0.0799355199
1 31 0.035943500307
1 32 0.059672878629
1 33 0.096851355004
1 34 0.037418501482
1 35 0.028780452261
1 36 0.031228442112
1 37 0.022983057415
1 38 0.01596808879
1 39 0.022989619566
1 40 0.0
2 3 0.555752582355
2 4 0.358265154002
2 5 0.288655030703
2 6 0.369447463712
2 7 0.154430253087
2 8 0.212588195955
2 9 0.204259411836
2 10 0.429603982465
2 11 0.251356821954
2 12 0.220697388192
2 13 0.167487734452
2 14 0.143051858941
2 15 0.204585914169
2 16 0.190555011411
2 17 0.200886435413
2 18 0.184854392197
2 19 0.114620132265
2 20 0.091060727557
2 21 0.105930437007
2 22 0.064612220942
2 23 0.104962932235
2 24 0.127915031806
2 25 0.069033876214
2 26 0.049416287218
2 27 0.064429121667
2 28 0.117123497285
2 29 0.099910088531
2 30 0.092238686975
2 31 0.049892142386
2 32 0.11998249697
2 33 0.109331617715
2 34 0.02951134368
